trade_date,security_id,symbol,fyers_symbol,open,high,low,close,volume,source,downloaded_at
2003-12-31,SMD-0065,DIVISLAB,NSE:DIVISLAB-EQ,77.5,79.0,75.25,77.97,50631,FYERS_HISTORY,2026-08-08T23:10:15+05:30
2004-01-01,SMD-0065,DIVISLAB,NSE:DIVISLAB-EQ,78.75,82.35,78.75,80.01,73057,FYERS_HISTORY,2026-08-08T23:10:15+05:30
2004-01-02,SMD-0065,DIVISLAB,NSE:DIVISLAB-EQ,80.5,81.5,79.0,79.59,52387,FYERS_HISTORY,2026-08-08T23:10:15+05:30
2004-01-05,SMD-0065,DIVISLAB,NSE:DIVISLAB-EQ,82.1,83.7,78.25,78.64,41458,FYERS_HISTORY,2026-08-08T23:10:15+05:30
2004-01-06,SMD-0065,DIVISLAB,NSE:DIVISLAB-EQ,80.25,80.25,74.0,74.88,40112,FYERS_HISTORY,2026-08-08T23:10:15+05:30
2004-01-07,SMD-0065,DIVISLAB,NSE:DIVISLAB-EQ,76.0,76.4,70.25,72.15,82423,FYERS_HISTORY,2026-08-08T23:10:15+05:30
2004-01-08,SMD-0065,DIVISLAB,NSE:DIVISLAB-EQ,74.25,74.25,71.0,71.52,81037,FYERS_HISTORY,2026-08-08T23:10:15+05:30
2004-01-09,SMD-0065,DIVISLAB,NSE:DIVISLAB-EQ,73.95,77.0,72.75,75.51,111720,FYERS_HISTORY,2026-08-08T23:10:15+05:30
2004-01-12,SMD-0065,DIVISLAB,NSE:DIVISLAB-EQ,75.9,75.9,71.14,71.77,44351,FYERS_HISTORY,2026-08-08T23:10:15+05:30
2004-01-13,SMD-0065,DIVISLAB,NSE:DIVISLAB-EQ,73.1,73.1,69.51,70.86,53577,FYERS_HISTORY,2026-08-08T23:10:15+05:30
2004-01-14,SMD-0065,DIVISLAB,NSE:DIVISLAB-EQ,71.25,75.4,71.2,74.9,86610,FYERS_HISTORY,2026-08-08T23:10:15+05:30
2004-01-15,SMD-0065,DIVISLAB,NSE:DIVISLAB-EQ,76.5,76.5,73.33,74.01,53036,FYERS_HISTORY,2026-08-08T23:10:15+05:30
2004-01-16,SMD-0065,DIVISLAB,NSE:DIVISLAB-EQ,74.45,76.25,73.1,74.93,51215,FYERS_HISTORY,2026-08-08T23:10:15+05:30
2004-01-19,SMD-0065,DIVISLAB,NSE:DIVISLAB-EQ,75.7,76.75,71.25,72.86,25753,FYERS_HISTORY,2026-08-08T23:10:15+05:30
2004-01-20,SMD-0065,DIVISLAB,NSE:DIVISLAB-EQ,73.5,74.85,70.55,71.57,25587,FYERS_HISTORY,2026-08-08T23:10:15+05:30
2004-01-21,SMD-0065,DIVISLAB,NSE:DIVISLAB-EQ,71.75,73.0,69.55,70.61,43640,FYERS_HISTORY,2026-08-08T23:10:15+05:30
2004-01-22,SMD-0065,DIVISLAB,NSE:DIVISLAB-EQ,71.5,73.5,69.5,71.98,52287,FYERS_HISTORY,2026-08-08T23:10:15+05:30
2004-01-23,SMD-0065,DIVISLAB,NSE:DIVISLAB-EQ,73.25,73.5,69.05,70.73,38315,FYERS_HISTORY,2026-08-08T23:10:15+05:30
2004-01-27,SMD-0065,DIVISLAB,NSE:DIVISLAB-EQ,71.5,75.5,71.5,73.87,50214,FYERS_HISTORY,2026-08-08T23:10:15+05:30
2004-01-28,SMD-0065,DIVISLAB,NSE:DIVISLAB-EQ,75.5,76.25,73.57,74.6,57516,FYERS_HISTORY,2026-08-08T23:10:15+05:30
2004-01-29,SMD-0065,DIVISLAB,NSE:DIVISLAB-EQ,74.5,76.75,74.13,75.88,39949,FYERS_HISTORY,2026-08-08T23:10:15+05:30
2004-01-30,SMD-0065,DIVISLAB,NSE:DIVISLAB-EQ,75.75,76.73,74.51,74.91,25024,FYERS_HISTORY,2026-08-08T23:10:15+05:30
2004-02-03,SMD-0065,DIVISLAB,NSE:DIVISLAB-EQ,75.5,75.5,72.5,72.7,27428,FYERS_HISTORY,2026-08-08T23:10:15+05:30
2004-02-04,SMD-0065,DIVISLAB,NSE:DIVISLAB-EQ,73.75,73.85,72.5,73.57,19582,FYERS_HISTORY,2026-08-08T23:10:15+05:30
2004-02-05,SMD-0065,DIVISLAB,NSE:DIVISLAB-EQ,74.35,77.15,73.0,76.0,31582,FYERS_HISTORY,2026-08-08T23:10:15+05:30
2004-02-06,SMD-0065,DIVISLAB,NSE:DIVISLAB-EQ,76.75,76.75,74.1,74.47,7821,FYERS_HISTORY,2026-08-08T23:10:15+05:30
2004-02-09,SMD-0065,DIVISLAB,NSE:DIVISLAB-EQ,74.94,74.94,72.61,73.14,10729,FYERS_HISTORY,2026-08-08T23:10:15+05:30
2004-02-10,SMD-0065,DIVISLAB,NSE:DIVISLAB-EQ,73.9,74.0,72.11,72.59,22296,FYERS_HISTORY,2026-08-08T23:10:15+05:30
2004-02-11,SMD-0065,DIVISLAB,NSE:DIVISLAB-EQ,74.0,75.5,73.0,73.45,21228,FYERS_HISTORY,2026-08-08T23:10:15+05:30
2004-02-12,SMD-0065,DIVISLAB,NSE:DIVISLAB-EQ,72.55,75.0,72.5,74.31,31489,FYERS_HISTORY,2026-08-08T23:10:15+05:30
2004-02-13,SMD-0065,DIVISLAB,NSE:DIVISLAB-EQ,74.65,78.0,73.75,75.97,68816,FYERS_HISTORY,2026-08-08T23:10:15+05:30
2004-02-16,SMD-0065,DIVISLAB,NSE:DIVISLAB-EQ,75.75,83.57,75.21,83.57,83193,FYERS_HISTORY,2026-08-08T23:10:15+05:30
2004-02-17,SMD-0065,DIVISLAB,NSE:DIVISLAB-EQ,85.0,87.6,82.61,83.56,84912,FYERS_HISTORY,2026-08-08T23:10:15+05:30
2004-02-18,SMD-0065,DIVISLAB,NSE:DIVISLAB-EQ,84.0,86.72,81.0,82.0,68765,FYERS_HISTORY,2026-08-08T23:10:15+05:30
2004-02-19,SMD-0065,DIVISLAB,NSE:DIVISLAB-EQ,82.45,89.45,80.25,86.85,159537,FYERS_HISTORY,2026-08-08T23:10:15+05:30
2004-02-20,SMD-0065,DIVISLAB,NSE:DIVISLAB-EQ,88.0,90.9,83.25,88.0,189746,FYERS_HISTORY,2026-08-08T23:10:15+05:30
2004-02-23,SMD-0065,DIVISLAB,NSE:DIVISLAB-EQ,87.75,91.44,85.3,87.09,102781,FYERS_HISTORY,2026-08-08T23:10:15+05:30
2004-02-24,SMD-0065,DIVISLAB,NSE:DIVISLAB-EQ,86.75,88.45,85.5,86.96,52241,FYERS_HISTORY,2026-08-08T23:10:15+05:30
2004-02-25,SMD-0065,DIVISLAB,NSE:DIVISLAB-EQ,87.5,95.66,87.5,95.66,152748,FYERS_HISTORY,2026-08-08T23:10:15+05:30
2004-02-26,SMD-0065,DIVISLAB,NSE:DIVISLAB-EQ,96.75,99.65,93.05,94.96,185213,FYERS_HISTORY,2026-08-08T23:10:15+05:30
2004-02-27,SMD-0065,DIVISLAB,NSE:DIVISLAB-EQ,95.55,97.7,95.5,95.97,62293,FYERS_HISTORY,2026-08-08T23:10:15+05:30
2004-03-01,SMD-0065,DIVISLAB,NSE:DIVISLAB-EQ,96.25,102.4,93.82,101.08,224257,FYERS_HISTORY,2026-08-08T23:10:15+05:30
2004-03-03,SMD-0065,DIVISLAB,NSE:DIVISLAB-EQ,98.75,99.0,95.65,96.64,105054,FYERS_HISTORY,2026-08-08T23:10:15+05:30
2004-03-04,SMD-0065,DIVISLAB,NSE:DIVISLAB-EQ,92.5,95.0,87.75,88.38,157992,FYERS_HISTORY,2026-08-08T23:10:15+05:30
2004-03-05,SMD-0065,DIVISLAB,NSE:DIVISLAB-EQ,80.6,84.9,79.55,81.17,287292,FYERS_HISTORY,2026-08-08T23:10:15+05:30
2004-03-08,SMD-0065,DIVISLAB,NSE:DIVISLAB-EQ,80.0,89.28,80.0,88.85,245058,FYERS_HISTORY,2026-08-08T23:10:15+05:30
2004-03-09,SMD-0065,DIVISLAB,NSE:DIVISLAB-EQ,87.25,92.35,86.6,87.48,213830,FYERS_HISTORY,2026-08-08T23:10:15+05:30
2004-03-10,SMD-0065,DIVISLAB,NSE:DIVISLAB-EQ,87.5,88.75,84.5,85.46,86076,FYERS_HISTORY,2026-08-08T23:10:15+05:30
2004-03-11,SMD-0065,DIVISLAB,NSE:DIVISLAB-EQ,84.85,87.42,83.75,84.21,81146,FYERS_HISTORY,2026-08-08T23:10:15+05:30
2004-03-12,SMD-0065,DIVISLAB,NSE:DIVISLAB-EQ,84.4,85.4,82.5,83.77,81031,FYERS_HISTORY,2026-08-08T23:10:15+05:30
2004-03-15,SMD-0065,DIVISLAB,NSE:DIVISLAB-EQ,84.75,85.75,80.0,81.51,71505,FYERS_HISTORY,2026-08-08T23:10:15+05:30
2004-03-16,SMD-0065,DIVISLAB,NSE:DIVISLAB-EQ,80.5,80.89,74.26,75.26,112928,FYERS_HISTORY,2026-08-08T23:10:15+05:30
2004-03-17,SMD-0065,DIVISLAB,NSE:DIVISLAB-EQ,75.79,77.9,73.5,74.61,79702,FYERS_HISTORY,2026-08-08T23:10:15+05:30
2004-03-18,SMD-0065,DIVISLAB,NSE:DIVISLAB-EQ,75.3,76.25,69.85,70.4,108543,FYERS_HISTORY,2026-08-08T23:10:15+05:30
2004-03-19,SMD-0065,DIVISLAB,NSE:DIVISLAB-EQ,70.5,74.15,66.7,71.87,266729,FYERS_HISTORY,2026-08-08T23:10:15+05:30
2004-03-22,SMD-0065,DIVISLAB,NSE:DIVISLAB-EQ,72.0,72.0,67.77,68.26,144086,FYERS_HISTORY,2026-08-08T23:10:15+05:30
2004-03-23,SMD-0065,DIVISLAB,NSE:DIVISLAB-EQ,67.5,69.5,67.0,67.58,78467,FYERS_HISTORY,2026-08-08T23:10:15+05:30
2004-03-24,SMD-0065,DIVISLAB,NSE:DIVISLAB-EQ,68.75,71.65,67.3,70.52,142204,FYERS_HISTORY,2026-08-08T23:10:15+05:30
2004-03-25,SMD-0065,DIVISLAB,NSE:DIVISLAB-EQ,71.5,73.95,71.15,72.84,99756,FYERS_HISTORY,2026-08-08T23:10:15+05:30
2004-03-26,SMD-0065,DIVISLAB,NSE:DIVISLAB-EQ,73.4,75.69,73.25,74.58,89097,FYERS_HISTORY,2026-08-08T23:10:15+05:30
2004-03-29,SMD-0065,DIVISLAB,NSE:DIVISLAB-EQ,74.9,76.25,74.4,75.02,50507,FYERS_HISTORY,2026-08-08T23:10:15+05:30
2004-03-30,SMD-0065,DIVISLAB,NSE:DIVISLAB-EQ,76.0,76.19,74.51,74.98,26582,FYERS_HISTORY,2026-08-08T23:10:15+05:30
2004-03-31,SMD-0065,DIVISLAB,NSE:DIVISLAB-EQ,75.0,75.45,71.3,72.62,42821,FYERS_HISTORY,2026-08-08T23:10:15+05:30
2004-04-01,SMD-0065,DIVISLAB,NSE:DIVISLAB-EQ,73.5,76.0,73.0,73.63,72453,FYERS_HISTORY,2026-08-08T23:10:15+05:30
2004-04-02,SMD-0065,DIVISLAB,NSE:DIVISLAB-EQ,74.05,76.5,74.0,75.85,72256,FYERS_HISTORY,2026-08-08T23:10:15+05:30
2004-04-05,SMD-0065,DIVISLAB,NSE:DIVISLAB-EQ,74.75,78.85,72.5,76.55,75990,FYERS_HISTORY,2026-08-08T23:10:15+05:30
2004-04-06,SMD-0065,DIVISLAB,NSE:DIVISLAB-EQ,73.8,78.25,73.8,77.26,49342,FYERS_HISTORY,2026-08-08T23:10:15+05:30
2004-04-07,SMD-0065,DIVISLAB,NSE:DIVISLAB-EQ,78.22,78.22,75.5,76.27,30578,FYERS_HISTORY,2026-08-08T23:10:15+05:30
2004-04-08,SMD-0065,DIVISLAB,NSE:DIVISLAB-EQ,77.0,77.01,74.06,74.41,34466,FYERS_HISTORY,2026-08-08T23:10:15+05:30
2004-04-12,SMD-0065,DIVISLAB,NSE:DIVISLAB-EQ,74.95,76.8,74.5,75.9,56892,FYERS_HISTORY,2026-08-08T23:10:15+05:30
2004-04-13,SMD-0065,DIVISLAB,NSE:DIVISLAB-EQ,76.2,77.0,74.75,76.57,49106,FYERS_HISTORY,2026-08-08T23:10:15+05:30
2004-04-15,SMD-0065,DIVISLAB,NSE:DIVISLAB-EQ,76.15,77.0,75.5,75.83,17107,FYERS_HISTORY,2026-08-08T23:10:15+05:30
2004-04-16,SMD-0065,DIVISLAB,NSE:DIVISLAB-EQ,77.25,77.25,75.75,75.87,12448,FYERS_HISTORY,2026-08-08T23:10:15+05:30
2004-04-17,SMD-0065,DIVISLAB,NSE:DIVISLAB-EQ,75.75,76.0,75.0,75.74,9755,FYERS_HISTORY,2026-08-08T23:10:15+05:30
2004-04-19,SMD-0065,DIVISLAB,NSE:DIVISLAB-EQ,75.75,76.25,73.75,74.31,14629,FYERS_HISTORY,2026-08-08T23:10:15+05:30
2004-04-20,SMD-0065,DIVISLAB,NSE:DIVISLAB-EQ,75.05,75.1,72.8,73.51,14393,FYERS_HISTORY,2026-08-08T23:10:15+05:30
2004-04-21,SMD-0065,DIVISLAB,NSE:DIVISLAB-EQ,73.75,75.1,72.78,74.4,23922,FYERS_HISTORY,2026-08-08T23:10:15+05:30
2004-04-22,SMD-0065,DIVISLAB,NSE:DIVISLAB-EQ,75.25,81.84,74.75,79.94,92196,FYERS_HISTORY,2026-08-08T23:10:15+05:30
2004-04-23,SMD-0065,DIVISLAB,NSE:DIVISLAB-EQ,80.72,81.25,76.4,77.04,33854,FYERS_HISTORY,2026-08-08T23:10:15+05:30
2004-04-27,SMD-0065,DIVISLAB,NSE:DIVISLAB-EQ,76.5,76.5,72.06,74.89,37563,FYERS_HISTORY,2026-08-08T23:10:15+05:30
2004-04-28,SMD-0065,DIVISLAB,NSE:DIVISLAB-EQ,74.95,74.95,73.11,73.82,14644,FYERS_HISTORY,2026-08-08T23:10:15+05:30
2004-04-29,SMD-0065,DIVISLAB,NSE:DIVISLAB-EQ,74.5,77.85,73.8,75.61,41555,FYERS_HISTORY,2026-08-08T23:10:15+05:30
2004-04-30,SMD-0065,DIVISLAB,NSE:DIVISLAB-EQ,75.75,76.4,74.16,75.08,11818,FYERS_HISTORY,2026-08-08T23:10:15+05:30
2004-05-03,SMD-0065,DIVISLAB,NSE:DIVISLAB-EQ,75.89,75.89,73.5,74.57,12248,FYERS_HISTORY,2026-08-08T23:10:15+05:30
2004-05-04,SMD-0065,DIVISLAB,NSE:DIVISLAB-EQ,75.0,76.5,74.05,74.82,13910,FYERS_HISTORY,2026-08-08T23:10:15+05:30
2004-05-05,SMD-0065,DIVISLAB,NSE:DIVISLAB-EQ,76.0,76.0,75.0,75.4,11312,FYERS_HISTORY,2026-08-08T23:10:15+05:30
2004-05-06,SMD-0065,DIVISLAB,NSE:DIVISLAB-EQ,76.95,79.44,76.0,76.89,55195,FYERS_HISTORY,2026-08-08T23:10:15+05:30
2004-05-07,SMD-0065,DIVISLAB,NSE:DIVISLAB-EQ,77.0,77.89,76.06,76.4,30388,FYERS_HISTORY,2026-08-08T23:10:15+05:30
2004-05-10,SMD-0065,DIVISLAB,NSE:DIVISLAB-EQ,75.45,76.45,75.0,76.01,18157,FYERS_HISTORY,2026-08-08T23:10:15+05:30
2004-05-11,SMD-0065,DIVISLAB,NSE:DIVISLAB-EQ,73.15,75.11,72.25,73.24,25453,FYERS_HISTORY,2026-08-08T23:10:15+05:30
2004-05-12,SMD-0065,DIVISLAB,NSE:DIVISLAB-EQ,71.25,74.4,71.25,73.31,22195,FYERS_HISTORY,2026-08-08T23:10:15+05:30
2004-05-13,SMD-0065,DIVISLAB,NSE:DIVISLAB-EQ,71.26,74.6,69.25,73.42,98268,FYERS_HISTORY,2026-08-08T23:10:15+05:30
2004-05-14,SMD-0065,DIVISLAB,NSE:DIVISLAB-EQ,74.95,75.25,68.6,71.76,90204,FYERS_HISTORY,2026-08-08T23:10:15+05:30
2004-05-17,SMD-0065,DIVISLAB,NSE:DIVISLAB-EQ,70.55,70.6,64.59,64.59,30227,FYERS_HISTORY,2026-08-08T23:10:15+05:30
2004-05-18,SMD-0065,DIVISLAB,NSE:DIVISLAB-EQ,64.0,68.14,58.13,67.01,95269,FYERS_HISTORY,2026-08-08T23:10:15+05:30
2004-05-19,SMD-0065,DIVISLAB,NSE:DIVISLAB-EQ,70.75,70.95,68.0,69.79,31510,FYERS_HISTORY,2026-08-08T23:10:15+05:30
2004-05-20,SMD-0065,DIVISLAB,NSE:DIVISLAB-EQ,72.75,72.75,69.0,70.48,14867,FYERS_HISTORY,2026-08-08T23:10:15+05:30
2004-05-21,SMD-0065,DIVISLAB,NSE:DIVISLAB-EQ,70.0,70.75,69.25,70.12,8935,FYERS_HISTORY,2026-08-08T23:10:15+05:30
2004-05-24,SMD-0065,DIVISLAB,NSE:DIVISLAB-EQ,70.5,72.0,70.0,70.27,9313,FYERS_HISTORY,2026-08-08T23:10:15+05:30
2004-05-25,SMD-0065,DIVISLAB,NSE:DIVISLAB-EQ,70.5,71.25,70.1,70.9,16921,FYERS_HISTORY,2026-08-08T23:10:15+05:30
2004-05-26,SMD-0065,DIVISLAB,NSE:DIVISLAB-EQ,71.0,74.0,71.0,72.9,26381,FYERS_HISTORY,2026-08-08T23:10:15+05:30
2004-05-27,SMD-0065,DIVISLAB,NSE:DIVISLAB-EQ,72.05,73.9,72.01,72.95,15526,FYERS_HISTORY,2026-08-08T23:10:15+05:30
2004-05-28,SMD-0065,DIVISLAB,NSE:DIVISLAB-EQ,72.25,72.9,69.75,70.79,29955,FYERS_HISTORY,2026-08-08T23:10:15+05:30
2004-05-31,SMD-0065,DIVISLAB,NSE:DIVISLAB-EQ,69.6,70.0,67.6,69.51,17455,FYERS_HISTORY,2026-08-08T23:10:15+05:30
2004-06-01,SMD-0065,DIVISLAB,NSE:DIVISLAB-EQ,69.5,70.88,69.5,70.04,16158,FYERS_HISTORY,2026-08-08T23:10:15+05:30
2004-06-02,SMD-0065,DIVISLAB,NSE:DIVISLAB-EQ,68.25,70.9,68.25,69.87,9695,FYERS_HISTORY,2026-08-08T23:10:15+05:30
2004-06-03,SMD-0065,DIVISLAB,NSE:DIVISLAB-EQ,70.7,71.18,67.5,68.1,28666,FYERS_HISTORY,2026-08-08T23:10:15+05:30
2004-06-04,SMD-0065,DIVISLAB,NSE:DIVISLAB-EQ,68.65,68.75,62.75,64.92,18734,FYERS_HISTORY,2026-08-08T23:10:15+05:30
2004-06-07,SMD-0065,DIVISLAB,NSE:DIVISLAB-EQ,66.0,66.25,62.05,62.87,12534,FYERS_HISTORY,2026-08-08T23:10:15+05:30
2004-06-08,SMD-0065,DIVISLAB,NSE:DIVISLAB-EQ,62.35,65.49,62.35,64.45,36016,FYERS_HISTORY,2026-08-08T23:10:15+05:30
2004-06-09,SMD-0065,DIVISLAB,NSE:DIVISLAB-EQ,65.39,67.14,64.75,66.3,22501,FYERS_HISTORY,2026-08-08T23:10:15+05:30
2004-06-10,SMD-0065,DIVISLAB,NSE:DIVISLAB-EQ,65.75,67.0,65.75,66.48,12508,FYERS_HISTORY,2026-08-08T23:10:15+05:30
2004-06-11,SMD-0065,DIVISLAB,NSE:DIVISLAB-EQ,66.9,68.8,66.35,67.97,46595,FYERS_HISTORY,2026-08-08T23:10:15+05:30
2004-06-14,SMD-0065,DIVISLAB,NSE:DIVISLAB-EQ,67.25,67.95,66.03,66.27,17130,FYERS_HISTORY,2026-08-08T23:10:15+05:30
2004-06-15,SMD-0065,DIVISLAB,NSE:DIVISLAB-EQ,66.45,67.4,66.25,66.68,19755,FYERS_HISTORY,2026-08-08T23:10:15+05:30
2004-06-16,SMD-0065,DIVISLAB,NSE:DIVISLAB-EQ,66.6,68.15,66.6,67.86,10149,FYERS_HISTORY,2026-08-08T23:10:15+05:30
2004-06-17,SMD-0065,DIVISLAB,NSE:DIVISLAB-EQ,67.0,68.0,65.75,66.36,14044,FYERS_HISTORY,2026-08-08T23:10:15+05:30
2004-06-18,SMD-0065,DIVISLAB,NSE:DIVISLAB-EQ,65.9,66.75,65.75,66.29,13628,FYERS_HISTORY,2026-08-08T23:10:15+05:30
2004-06-21,SMD-0065,DIVISLAB,NSE:DIVISLAB-EQ,65.25,66.45,64.75,65.01,31748,FYERS_HISTORY,2026-08-08T23:10:15+05:30
2004-06-22,SMD-0065,DIVISLAB,NSE:DIVISLAB-EQ,67.25,67.25,64.16,64.55,22815,FYERS_HISTORY,2026-08-08T23:10:15+05:30
2004-06-23,SMD-0065,DIVISLAB,NSE:DIVISLAB-EQ,64.5,65.25,63.0,63.63,28435,FYERS_HISTORY,2026-08-08T23:10:15+05:30
2004-06-24,SMD-0065,DIVISLAB,NSE:DIVISLAB-EQ,63.0,63.0,58.06,61.82,81169,FYERS_HISTORY,2026-08-08T23:10:15+05:30
2004-06-25,SMD-0065,DIVISLAB,NSE:DIVISLAB-EQ,62.25,62.25,60.05,61.45,78650,FYERS_HISTORY,2026-08-08T23:10:15+05:30
2004-06-28,SMD-0065,DIVISLAB,NSE:DIVISLAB-EQ,60.75,61.4,59.5,59.84,61906,FYERS_HISTORY,2026-08-08T23:10:15+05:30
2004-06-29,SMD-0065,DIVISLAB,NSE:DIVISLAB-EQ,60.5,60.5,58.55,58.92,64237,FYERS_HISTORY,2026-08-08T23:10:15+05:30
2004-06-30,SMD-0065,DIVISLAB,NSE:DIVISLAB-EQ,58.61,59.9,56.18,56.39,47412,FYERS_HISTORY,2026-08-08T23:10:15+05:30
2004-07-01,SMD-0065,DIVISLAB,NSE:DIVISLAB-EQ,57.25,58.25,56.7,57.47,44204,FYERS_HISTORY,2026-08-08T23:10:15+05:30
2004-07-02,SMD-0065,DIVISLAB,NSE:DIVISLAB-EQ,58.5,60.6,57.95,59.73,67629,FYERS_HISTORY,2026-08-08T23:10:15+05:30
2004-07-05,SMD-0065,DIVISLAB,NSE:DIVISLAB-EQ,60.15,61.25,59.16,60.1,30298,FYERS_HISTORY,2026-08-08T23:10:15+05:30
2004-07-06,SMD-0065,DIVISLAB,NSE:DIVISLAB-EQ,60.12,60.75,59.55,60.06,13990,FYERS_HISTORY,2026-08-08T23:10:15+05:30
2004-07-07,SMD-0065,DIVISLAB,NSE:DIVISLAB-EQ,60.0,60.39,58.35,58.83,27588,FYERS_HISTORY,2026-08-08T23:10:15+05:30
2004-07-08,SMD-0065,DIVISLAB,NSE:DIVISLAB-EQ,59.95,62.1,59.35,60.58,111537,FYERS_HISTORY,2026-08-08T23:10:15+05:30
2004-07-09,SMD-0065,DIVISLAB,NSE:DIVISLAB-EQ,56.8,60.0,56.8,59.37,6054,FYERS_HISTORY,2026-08-08T23:10:15+05:30
2004-07-12,SMD-0065,DIVISLAB,NSE:DIVISLAB-EQ,60.45,60.45,58.35,59.22,11343,FYERS_HISTORY,2026-08-08T23:10:15+05:30
2004-07-13,SMD-0065,DIVISLAB,NSE:DIVISLAB-EQ,59.55,59.8,57.77,58.35,9478,FYERS_HISTORY,2026-08-08T23:10:15+05:30
2004-07-14,SMD-0065,DIVISLAB,NSE:DIVISLAB-EQ,58.94,58.94,58.21,58.51,11979,FYERS_HISTORY,2026-08-08T23:10:15+05:30
2004-07-15,SMD-0065,DIVISLAB,NSE:DIVISLAB-EQ,58.61,58.85,58.23,58.39,3194,FYERS_HISTORY,2026-08-08T23:10:15+05:30
2004-07-16,SMD-0065,DIVISLAB,NSE:DIVISLAB-EQ,58.75,58.9,56.43,57.45,33370,FYERS_HISTORY,2026-08-08T23:10:15+05:30
2004-07-19,SMD-0065,DIVISLAB,NSE:DIVISLAB-EQ,58.65,58.65,57.25,57.46,49917,FYERS_HISTORY,2026-08-08T23:10:15+05:30
2004-07-20,SMD-0065,DIVISLAB,NSE:DIVISLAB-EQ,57.66,57.8,56.7,57.01,7947,FYERS_HISTORY,2026-08-08T23:10:15+05:30
2004-07-21,SMD-0065,DIVISLAB,NSE:DIVISLAB-EQ,57.5,57.5,55.75,56.09,14466,FYERS_HISTORY,2026-08-08T23:10:15+05:30
2004-07-22,SMD-0065,DIVISLAB,NSE:DIVISLAB-EQ,56.7,57.77,55.95,56.04,13079,FYERS_HISTORY,2026-08-08T23:10:15+05:30
2004-07-23,SMD-0065,DIVISLAB,NSE:DIVISLAB-EQ,56.05,58.5,56.0,57.27,41523,FYERS_HISTORY,2026-08-08T23:10:15+05:30
2004-07-26,SMD-0065,DIVISLAB,NSE:DIVISLAB-EQ,57.5,57.97,56.35,56.61,15772,FYERS_HISTORY,2026-08-08T23:10:15+05:30
2004-07-27,SMD-0065,DIVISLAB,NSE:DIVISLAB-EQ,57.5,57.75,56.0,56.11,9380,FYERS_HISTORY,2026-08-08T23:10:15+05:30
2004-07-28,SMD-0065,DIVISLAB,NSE:DIVISLAB-EQ,56.6,57.5,54.58,54.99,64894,FYERS_HISTORY,2026-08-08T23:10:15+05:30
2004-07-29,SMD-0065,DIVISLAB,NSE:DIVISLAB-EQ,54.5,55.0,52.78,53.09,30196,FYERS_HISTORY,2026-08-08T23:10:15+05:30
2004-07-30,SMD-0065,DIVISLAB,NSE:DIVISLAB-EQ,54.05,57.4,53.26,55.26,39346,FYERS_HISTORY,2026-08-08T23:10:15+05:30
2004-08-02,SMD-0065,DIVISLAB,NSE:DIVISLAB-EQ,54.75,57.35,54.1,54.79,38173,FYERS_HISTORY,2026-08-08T23:10:15+05:30
2004-08-03,SMD-0065,DIVISLAB,NSE:DIVISLAB-EQ,55.7,55.9,53.65,53.97,31184,FYERS_HISTORY,2026-08-08T23:10:15+05:30
2004-08-04,SMD-0065,DIVISLAB,NSE:DIVISLAB-EQ,53.75,54.9,52.05,52.3,24699,FYERS_HISTORY,2026-08-08T23:10:15+05:30
2004-08-05,SMD-0065,DIVISLAB,NSE:DIVISLAB-EQ,53.0,53.9,52.0,53.39,33549,FYERS_HISTORY,2026-08-08T23:10:15+05:30
2004-08-06,SMD-0065,DIVISLAB,NSE:DIVISLAB-EQ,54.05,54.58,52.63,53.53,32924,FYERS_HISTORY,2026-08-08T23:10:15+05:30
2004-08-09,SMD-0065,DIVISLAB,NSE:DIVISLAB-EQ,53.7,56.23,53.1,55.59,37610,FYERS_HISTORY,2026-08-08T23:10:15+05:30
2004-08-10,SMD-0065,DIVISLAB,NSE:DIVISLAB-EQ,56.05,57.35,55.5,57.05,42618,FYERS_HISTORY,2026-08-08T23:10:15+05:30
2004-08-11,SMD-0065,DIVISLAB,NSE:DIVISLAB-EQ,56.5,58.85,56.5,58.18,73048,FYERS_HISTORY,2026-08-08T23:10:15+05:30
2004-08-12,SMD-0065,DIVISLAB,NSE:DIVISLAB-EQ,58.0,59.25,55.81,56.81,40328,FYERS_HISTORY,2026-08-08T23:10:15+05:30
2004-08-13,SMD-0065,DIVISLAB,NSE:DIVISLAB-EQ,57.45,60.44,57.06,59.4,76380,FYERS_HISTORY,2026-08-08T23:10:15+05:30
2004-08-16,SMD-0065,DIVISLAB,NSE:DIVISLAB-EQ,56.25,59.5,56.25,57.81,19904,FYERS_HISTORY,2026-08-08T23:10:15+05:30
2004-08-17,SMD-0065,DIVISLAB,NSE:DIVISLAB-EQ,58.15,58.94,56.5,56.87,27693,FYERS_HISTORY,2026-08-08T23:10:15+05:30
2004-08-18,SMD-0065,DIVISLAB,NSE:DIVISLAB-EQ,56.8,58.2,56.05,56.35,15205,FYERS_HISTORY,2026-08-08T23:10:15+05:30
2004-08-19,SMD-0065,DIVISLAB,NSE:DIVISLAB-EQ,57.2,57.75,56.27,56.44,9663,FYERS_HISTORY,2026-08-08T23:10:15+05:30
2004-08-20,SMD-0065,DIVISLAB,NSE:DIVISLAB-EQ,56.75,57.65,55.66,56.17,15230,FYERS_HISTORY,2026-08-08T23:10:15+05:30
2004-08-23,SMD-0065,DIVISLAB,NSE:DIVISLAB-EQ,57.32,57.32,54.01,54.54,17677,FYERS_HISTORY,2026-08-08T23:10:15+05:30
2004-08-24,SMD-0065,DIVISLAB,NSE:DIVISLAB-EQ,55.5,55.5,53.63,54.22,12100,FYERS_HISTORY,2026-08-08T23:10:15+05:30
2004-08-25,SMD-0065,DIVISLAB,NSE:DIVISLAB-EQ,55.25,55.75,53.3,54.18,13901,FYERS_HISTORY,2026-08-08T23:10:15+05:30
2004-08-26,SMD-0065,DIVISLAB,NSE:DIVISLAB-EQ,55.0,58.5,54.9,57.75,73476,FYERS_HISTORY,2026-08-08T23:10:15+05:30
2004-08-27,SMD-0065,DIVISLAB,NSE:DIVISLAB-EQ,57.85,59.0,57.8,58.46,39685,FYERS_HISTORY,2026-08-08T23:10:15+05:30
2004-08-30,SMD-0065,DIVISLAB,NSE:DIVISLAB-EQ,58.5,60.0,55.5,59.63,56106,FYERS_HISTORY,2026-08-08T23:10:15+05:30
2004-08-31,SMD-0065,DIVISLAB,NSE:DIVISLAB-EQ,58.26,59.9,58.26,58.8,18038,FYERS_HISTORY,2026-08-08T23:10:15+05:30
2004-09-01,SMD-0065,DIVISLAB,NSE:DIVISLAB-EQ,57.55,59.74,57.55,58.81,23077,FYERS_HISTORY,2026-08-08T23:10:15+05:30
2004-09-02,SMD-0065,DIVISLAB,NSE:DIVISLAB-EQ,59.0,59.45,58.06,58.56,14959,FYERS_HISTORY,2026-08-08T23:10:15+05:30
2004-09-03,SMD-0065,DIVISLAB,NSE:DIVISLAB-EQ,57.35,58.75,57.35,58.29,10166,FYERS_HISTORY,2026-08-08T23:10:15+05:30
2004-09-06,SMD-0065,DIVISLAB,NSE:DIVISLAB-EQ,58.75,59.3,58.6,58.99,11281,FYERS_HISTORY,2026-08-08T23:10:15+05:30
2004-09-07,SMD-0065,DIVISLAB,NSE:DIVISLAB-EQ,59.01,64.7,58.85,63.69,152382,FYERS_HISTORY,2026-08-08T23:10:15+05:30
2004-09-08,SMD-0065,DIVISLAB,NSE:DIVISLAB-EQ,65.2,67.4,64.1,65.62,164229,FYERS_HISTORY,2026-08-08T23:10:15+05:30
2004-09-09,SMD-0065,DIVISLAB,NSE:DIVISLAB-EQ,66.1,66.1,63.9,64.45,68737,FYERS_HISTORY,2026-08-08T23:10:15+05:30
2004-09-10,SMD-0065,DIVISLAB,NSE:DIVISLAB-EQ,61.28,66.45,61.28,65.81,71327,FYERS_HISTORY,2026-08-08T23:10:15+05:30
2004-09-13,SMD-0065,DIVISLAB,NSE:DIVISLAB-EQ,66.4,67.13,65.18,65.54,57162,FYERS_HISTORY,2026-08-08T23:10:15+05:30
2004-09-14,SMD-0065,DIVISLAB,NSE:DIVISLAB-EQ,66.45,66.75,64.56,65.01,25929,FYERS_HISTORY,2026-08-08T23:10:15+05:30
2004-09-15,SMD-0065,DIVISLAB,NSE:DIVISLAB-EQ,65.85,65.9,64.0,64.6,32801,FYERS_HISTORY,2026-08-08T23:10:15+05:30
2004-09-16,SMD-0065,DIVISLAB,NSE:DIVISLAB-EQ,64.75,65.75,64.11,65.02,24802,FYERS_HISTORY,2026-08-08T23:10:15+05:30
2004-09-17,SMD-0065,DIVISLAB,NSE:DIVISLAB-EQ,65.67,66.0,64.5,64.77,21692,FYERS_HISTORY,2026-08-08T23:10:15+05:30
2004-09-20,SMD-0065,DIVISLAB,NSE:DIVISLAB-EQ,65.05,65.65,64.06,64.3,19281,FYERS_HISTORY,2026-08-08T23:10:15+05:30
2004-09-21,SMD-0065,DIVISLAB,NSE:DIVISLAB-EQ,64.94,65.9,64.5,64.93,21414,FYERS_HISTORY,2026-08-08T23:10:15+05:30
2004-09-22,SMD-0065,DIVISLAB,NSE:DIVISLAB-EQ,65.39,65.45,64.16,64.48,14461,FYERS_HISTORY,2026-08-08T23:10:15+05:30
2004-09-23,SMD-0065,DIVISLAB,NSE:DIVISLAB-EQ,64.25,65.22,63.25,63.63,13844,FYERS_HISTORY,2026-08-08T23:10:15+05:30
2004-09-24,SMD-0065,DIVISLAB,NSE:DIVISLAB-EQ,64.5,67.0,64.0,66.06,72606,FYERS_HISTORY,2026-08-08T23:10:15+05:30
2004-09-27,SMD-0065,DIVISLAB,NSE:DIVISLAB-EQ,66.74,70.6,66.25,69.85,127567,FYERS_HISTORY,2026-08-08T23:10:15+05:30
2004-09-28,SMD-0065,DIVISLAB,NSE:DIVISLAB-EQ,69.75,72.25,66.78,68.52,126411,FYERS_HISTORY,2026-08-08T23:10:15+05:30
2004-09-29,SMD-0065,DIVISLAB,NSE:DIVISLAB-EQ,67.9,70.38,67.33,67.99,72693,FYERS_HISTORY,2026-08-08T23:10:15+05:30
2004-09-30,SMD-0065,DIVISLAB,NSE:DIVISLAB-EQ,69.2,69.6,68.11,68.56,31015,FYERS_HISTORY,2026-08-08T23:10:15+05:30
2004-10-01,SMD-0065,DIVISLAB,NSE:DIVISLAB-EQ,69.1,69.45,67.69,68.06,18948,FYERS_HISTORY,2026-08-08T23:10:15+05:30
2004-10-04,SMD-0065,DIVISLAB,NSE:DIVISLAB-EQ,68.94,69.25,67.85,68.08,18122,FYERS_HISTORY,2026-08-08T23:10:15+05:30
2004-10-05,SMD-0065,DIVISLAB,NSE:DIVISLAB-EQ,68.5,70.55,68.15,69.53,43177,FYERS_HISTORY,2026-08-08T23:10:15+05:30
2004-10-06,SMD-0065,DIVISLAB,NSE:DIVISLAB-EQ,70.4,70.4,67.06,67.46,33002,FYERS_HISTORY,2026-08-08T23:10:15+05:30
2004-10-07,SMD-0065,DIVISLAB,NSE:DIVISLAB-EQ,67.5,68.75,67.25,67.66,25390,FYERS_HISTORY,2026-08-08T23:10:15+05:30
2004-10-08,SMD-0065,DIVISLAB,NSE:DIVISLAB-EQ,68.35,68.35,66.43,66.74,25844,FYERS_HISTORY,2026-08-08T23:10:15+05:30
2004-10-09,SMD-0065,DIVISLAB,NSE:DIVISLAB-EQ,66.5,67.4,66.25,66.8,8210,FYERS_HISTORY,2026-08-08T23:10:15+05:30
2004-10-11,SMD-0065,DIVISLAB,NSE:DIVISLAB-EQ,67.28,68.45,66.3,66.69,19235,FYERS_HISTORY,2026-08-08T23:10:15+05:30
2004-10-12,SMD-0065,DIVISLAB,NSE:DIVISLAB-EQ,67.45,67.45,65.76,66.07,22417,FYERS_HISTORY,2026-08-08T23:10:15+05:30
2004-10-14,SMD-0065,DIVISLAB,NSE:DIVISLAB-EQ,66.5,66.5,64.5,64.79,22128,FYERS_HISTORY,2026-08-08T23:10:15+05:30
2004-10-15,SMD-0065,DIVISLAB,NSE:DIVISLAB-EQ,65.7,65.7,61.75,62.15,42560,FYERS_HISTORY,2026-08-08T23:10:15+05:30
2004-10-18,SMD-0065,DIVISLAB,NSE:DIVISLAB-EQ,62.75,63.25,59.85,60.76,70377,FYERS_HISTORY,2026-08-08T23:10:15+05:30
2004-10-19,SMD-0065,DIVISLAB,NSE:DIVISLAB-EQ,61.0,62.9,60.55,61.09,78422,FYERS_HISTORY,2026-08-08T23:10:15+05:30
2004-10-20,SMD-0065,DIVISLAB,NSE:DIVISLAB-EQ,61.85,61.85,59.0,59.72,45292,FYERS_HISTORY,2026-08-08T23:10:15+05:30
2004-10-21,SMD-0065,DIVISLAB,NSE:DIVISLAB-EQ,60.5,61.0,59.1,59.5,39598,FYERS_HISTORY,2026-08-08T23:10:15+05:30
2004-10-25,SMD-0065,DIVISLAB,NSE:DIVISLAB-EQ,59.75,59.75,53.55,53.56,68026,FYERS_HISTORY,2026-08-08T23:10:15+05:30
2004-10-26,SMD-0065,DIVISLAB,NSE:DIVISLAB-EQ,51.99,56.88,51.99,53.77,96906,FYERS_HISTORY,2026-08-08T23:10:15+05:30
2004-10-27,SMD-0065,DIVISLAB,NSE:DIVISLAB-EQ,54.5,55.0,53.7,54.02,43737,FYERS_HISTORY,2026-08-08T23:10:15+05:30
2004-10-28,SMD-0065,DIVISLAB,NSE:DIVISLAB-EQ,54.82,55.75,54.5,55.21,74832,FYERS_HISTORY,2026-08-08T23:10:15+05:30
2004-10-29,SMD-0065,DIVISLAB,NSE:DIVISLAB-EQ,55.7,55.7,54.5,54.81,20288,FYERS_HISTORY,2026-08-08T23:10:15+05:30
2004-11-01,SMD-0065,DIVISLAB,NSE:DIVISLAB-EQ,54.8,55.0,53.5,53.74,27156,FYERS_HISTORY,2026-08-08T23:10:15+05:30
2004-11-02,SMD-0065,DIVISLAB,NSE:DIVISLAB-EQ,54.0,54.0,52.83,53.11,30066,FYERS_HISTORY,2026-08-08T23:10:15+05:30
2004-11-03,SMD-0065,DIVISLAB,NSE:DIVISLAB-EQ,53.4,53.6,52.06,52.36,50857,FYERS_HISTORY,2026-08-08T23:10:15+05:30
2004-11-04,SMD-0065,DIVISLAB,NSE:DIVISLAB-EQ,52.85,53.2,51.61,51.93,48945,FYERS_HISTORY,2026-08-08T23:10:15+05:30
2004-11-05,SMD-0065,DIVISLAB,NSE:DIVISLAB-EQ,52.55,55.18,51.78,53.64,96985,FYERS_HISTORY,2026-08-08T23:10:15+05:30
2004-11-08,SMD-0065,DIVISLAB,NSE:DIVISLAB-EQ,54.95,54.95,53.25,54.0,38365,FYERS_HISTORY,2026-08-08T23:10:15+05:30
2004-11-09,SMD-0065,DIVISLAB,NSE:DIVISLAB-EQ,54.43,54.5,52.8,53.01,38549,FYERS_HISTORY,2026-08-08T23:10:15+05:30
2004-11-10,SMD-0065,DIVISLAB,NSE:DIVISLAB-EQ,53.25,56.2,52.5,54.18,129745,FYERS_HISTORY,2026-08-08T23:10:15+05:30
2004-11-11,SMD-0065,DIVISLAB,NSE:DIVISLAB-EQ,55.2,55.9,53.8,55.13,143419,FYERS_HISTORY,2026-08-08T23:10:15+05:30
2004-11-12,SMD-0065,DIVISLAB,NSE:DIVISLAB-EQ,55.7,55.95,55.45,55.67,19461,FYERS_HISTORY,2026-08-08T23:10:15+05:30
2004-11-16,SMD-0065,DIVISLAB,NSE:DIVISLAB-EQ,56.0,56.75,55.25,56.28,49153,FYERS_HISTORY,2026-08-08T23:10:15+05:30
2004-11-17,SMD-0065,DIVISLAB,NSE:DIVISLAB-EQ,56.6,57.0,54.2,54.88,43550,FYERS_HISTORY,2026-08-08T23:10:15+05:30
2004-11-18,SMD-0065,DIVISLAB,NSE:DIVISLAB-EQ,56.15,56.15,54.0,54.38,26649,FYERS_HISTORY,2026-08-08T23:10:15+05:30
2004-11-19,SMD-0065,DIVISLAB,NSE:DIVISLAB-EQ,54.75,56.25,54.1,54.51,45639,FYERS_HISTORY,2026-08-08T23:10:15+05:30
2004-11-22,SMD-0065,DIVISLAB,NSE:DIVISLAB-EQ,54.24,58.6,53.5,57.86,86379,FYERS_HISTORY,2026-08-08T23:10:15+05:30
2004-11-23,SMD-0065,DIVISLAB,NSE:DIVISLAB-EQ,58.75,59.75,58.25,58.92,93749,FYERS_HISTORY,2026-08-08T23:10:15+05:30
2004-11-24,SMD-0065,DIVISLAB,NSE:DIVISLAB-EQ,59.0,59.44,59.0,59.17,27668,FYERS_HISTORY,2026-08-08T23:10:15+05:30
2004-11-25,SMD-0065,DIVISLAB,NSE:DIVISLAB-EQ,59.45,59.55,58.55,59.03,31126,FYERS_HISTORY,2026-08-08T23:10:15+05:30
2004-11-29,SMD-0065,DIVISLAB,NSE:DIVISLAB-EQ,59.0,59.4,56.56,57.56,22329,FYERS_HISTORY,2026-08-08T23:10:15+05:30
2004-11-30,SMD-0065,DIVISLAB,NSE:DIVISLAB-EQ,58.0,59.69,57.65,58.28,64764,FYERS_HISTORY,2026-08-08T23:10:15+05:30
2004-12-01,SMD-0065,DIVISLAB,NSE:DIVISLAB-EQ,57.0,59.0,57.0,57.69,16362,FYERS_HISTORY,2026-08-08T23:10:15+05:30
2004-12-02,SMD-0065,DIVISLAB,NSE:DIVISLAB-EQ,58.25,58.45,57.5,57.96,31509,FYERS_HISTORY,2026-08-08T23:10:15+05:30
2004-12-03,SMD-0065,DIVISLAB,NSE:DIVISLAB-EQ,58.35,58.35,56.05,56.28,19623,FYERS_HISTORY,2026-08-08T23:10:15+05:30
2004-12-06,SMD-0065,DIVISLAB,NSE:DIVISLAB-EQ,56.85,57.6,56.05,56.39,33203,FYERS_HISTORY,2026-08-08T23:10:15+05:30
2004-12-07,SMD-0065,DIVISLAB,NSE:DIVISLAB-EQ,56.95,57.55,56.5,56.95,40712,FYERS_HISTORY,2026-08-08T23:10:15+05:30
2004-12-08,SMD-0065,DIVISLAB,NSE:DIVISLAB-EQ,57.0,60.44,57.0,57.48,137804,FYERS_HISTORY,2026-08-08T23:10:15+05:30
2004-12-09,SMD-0065,DIVISLAB,NSE:DIVISLAB-EQ,57.75,58.75,57.26,57.85,97264,FYERS_HISTORY,2026-08-08T23:10:15+05:30
2004-12-10,SMD-0065,DIVISLAB,NSE:DIVISLAB-EQ,58.2,59.85,58.2,59.47,189417,FYERS_HISTORY,2026-08-08T23:10:15+05:30
2004-12-13,SMD-0065,DIVISLAB,NSE:DIVISLAB-EQ,59.25,63.7,58.6,63.04,113967,FYERS_HISTORY,2026-08-08T23:10:15+05:30
2004-12-14,SMD-0065,DIVISLAB,NSE:DIVISLAB-EQ,60.26,64.25,60.26,62.93,55692,FYERS_HISTORY,2026-08-08T23:10:15+05:30
2004-12-15,SMD-0065,DIVISLAB,NSE:DIVISLAB-EQ,63.45,66.8,62.65,65.62,112799,FYERS_HISTORY,2026-08-08T23:10:15+05:30
2004-12-16,SMD-0065,DIVISLAB,NSE:DIVISLAB-EQ,66.99,66.99,64.01,64.47,54719,FYERS_HISTORY,2026-08-08T23:10:15+05:30
2004-12-17,SMD-0065,DIVISLAB,NSE:DIVISLAB-EQ,64.5,66.95,64.5,66.25,61659,FYERS_HISTORY,2026-08-08T23:10:15+05:30
2004-12-20,SMD-0065,DIVISLAB,NSE:DIVISLAB-EQ,66.43,71.5,66.43,70.88,143740,FYERS_HISTORY,2026-08-08T23:10:15+05:30
2004-12-21,SMD-0065,DIVISLAB,NSE:DIVISLAB-EQ,71.4,72.5,66.75,67.79,129641,FYERS_HISTORY,2026-08-08T23:10:15+05:30
2004-12-22,SMD-0065,DIVISLAB,NSE:DIVISLAB-EQ,68.2,70.45,65.83,66.81,125088,FYERS_HISTORY,2026-08-08T23:10:15+05:30
2004-12-23,SMD-0065,DIVISLAB,NSE:DIVISLAB-EQ,67.25,68.5,65.07,65.7,80661,FYERS_HISTORY,2026-08-08T23:10:15+05:30
2004-12-24,SMD-0065,DIVISLAB,NSE:DIVISLAB-EQ,66.25,67.75,65.75,67.26,50971,FYERS_HISTORY,2026-08-08T23:10:15+05:30
2004-12-27,SMD-0065,DIVISLAB,NSE:DIVISLAB-EQ,67.5,68.2,66.35,66.74,32754,FYERS_HISTORY,2026-08-08T23:10:15+05:30
2004-12-28,SMD-0065,DIVISLAB,NSE:DIVISLAB-EQ,67.35,67.95,65.75,66.82,33472,FYERS_HISTORY,2026-08-08T23:10:15+05:30
2004-12-29,SMD-0065,DIVISLAB,NSE:DIVISLAB-EQ,67.75,68.0,66.05,66.43,23361,FYERS_HISTORY,2026-08-08T23:10:15+05:30
